    ..........1....1....2....2....3....3....4....4....5....5....6....6....7....7....8....8....9....9....A
    .....5....0....5....0....5....0....5....0....5....0....5....0....5....0....5....0....5....0....5....0 
 
 1  ████████████████████████████████████████████████████████████████████████████████████████████████
 .  ██████████████████████=██=██=██=██=██=██=██=██=██=███████=██=██=██=██=██=██=██=██=██=██=██=██.=█
 .  ███████.......................................................................................██
 .  ███████.█████████.█.██=██=██=██=██=██=██=██=██=██=██.█.██=██=██=██=██=██=██=██=██=██=██=██=██.=█
 .  ███████...........█.=██████████████████████████████=.█.=████████████████████████████████████=.██
 5  █████████=█=█=███.█.████████████████████████████████.█.██████████████████████████████████████.=█
 .  █████████████████.█.██=██=██=██=██=██=██=██=██=██=██.█.██=██=██=██=██=██=██=██=██=██=██=██=██.██
 .  █████████████████.............................................................................=█
 .  █████████████████.█.██=██=██=██=██=██=██=██=██=██=██.█.██=██=██=██=██=██=██=██=██=██=██=██=██.██
 .  █████████████████.█.=██████████████████████████████=.█.=████████████████████████████████████=.=█
10  █████████████████.█.████████████████████████████████.█.██████████████████████████████████████.██
 .  █████████████████.█.██=██=██=██=██=██=██=██=██=██=██.█.██=██=██=██=██=██=██=██=██=██=██=██=██.=█
 .  █████████████████.............................................................................██
 .  █████████████████.█.██=██=██=██=██=██=██=██=██=██=██.█.██=██=██=██=██=██=██=██=██=██=██=██=██.=█
 .  █████████████████.█.=██████████████████████████████=.█.=████████████████████████████████████=.██
15  █████████████████.█.████████████████████████████████.█.██████████████████████████████████████.=█
 .  █████████████████.█.██=██=██=██=██=██=██=██=██=██=██.█.██=██=██=██=██=██=██=██=██=██=██=██=██.██
 .  █████████████████.............................................................................=█
 .  █████████████████.█.██=██=██=██=██=██=██=██=██=██=██.█.██=██=██=██=██=██=██=██=██=██=██=██=██.██
 .  █████████████████.█.=██████████████████████████████=.█.=████████████████████████████████████=.=█
20  █████████████████.█.████████████████████████████████.█.██████████████████████████████████████.██
    █████████████████.█.██=██=██=██=██=██=██=██=██=██=██.█.██=██=██=██=██=██=██=██=██=██=██=██=██.=█
 .  █████████████████.............................................................................██
 .  █████████████████.█.██=██=██=██=██=██=██=██=██=██=██.█.██=██=██=██=██=██=██=██=██=██=██=██=██.=█
 .  █████████████████.█.=██████████████████████████████=.█.=████████████████████████████████████=.██
25  █████████████████.█.████████████████████████████████.█.██████████████████████████████████████.=█
 .  █████████████████.█.██=██=██=██=██=██=██=██=██=██=██.█.██=██=██=██=██=██=██=██=██=██=██=██=██.██
 .  █████████████████.............................................................................=█
 .  █████████████████.█.██=██=██=██=██=██=██=██=██=██=██.█.██=██=██=██=██=██=██=██=██=██=██=██=██.██
 .  █████████████████.█.=██████████████████████████████=.█.=████████████████████████████████████=.=█
30  █████████████████.█.████████████████████████████████.█.██████████████████████████████████████.██
 .  █████████████████.█.██=██=██=██=██=██=██=██=██=██=██.█.██=██=██=██=██=██=██=██=██=██=██=██=██.=█
 .  █████████████████.............................................................................██
 .  █████████████████.█.██=██=██=██=██=██=██=██=██=██=██.█.██=██=██=██=██=██=██=██=██=██=██=██=██.=█
 .  ██=█=█=█=█=█=████.█.=██████████████████████████████=.█.=████████████████████████████████████=.██
35  █.................█.████████████████████████████████.█.██████████████████████████████████████.=█
 .  █.███████████████.█.██=██=██=██=██=██=██=██=██=██=██.█.██=██=██=██=██=██=██=██=██=██=██=██=██.██
 .  █.............................................................................................=█
 .  ████=█=██████████.█.██=██=██=██=██=██=██=██=██=██=██.█.██=██=██=██=██=██=██=██=██=██=██=██=██.██
 .  █████████████████.█.=██████████████████████████████=.█.=████████████████████████████████████=.=█
40  █████████████████.█.████████████████████████████████.█.██████████████████████████████████████.██
 .  █████████████████.█.██=██=██=██=██=██=██=██=██=██=██.█.██=██=██=██=██=██=██=██=██=██=██=██=██.=█
 .  █████████████████.............................................................................██
 .  ██████████████████████=██=██=██=██=██=██=██=██=██=███████=██=██=██=██=██=██=██=██=██=██=██=█████
 .  ████████████████████████████████████████████████████████████████████████████████████████████████
 
45  







  1 1 1 1 1 1 1 1 1 1 1 1 1 1 1 1 1 1 1 1 1 1 1 1 1 1 1 1 1 1 1 1 1 1 1 1 1 1 1 1 1 1 1 1 1 1 1 1 1 1 1 1 1 1 1 1 1 1 1 1 1 1 1 1 1 1 1 1 1 1 1 1 1 1 1 1 1 1 1 1 1 1 1 1 1 1 1 1 1 1 1 1 1 1 1 1  ; 
  1 1 1 1 1 1 1 1 1 1 1 1 1 1 1 1 1 1 1 1 1 1 2 1 1 2 1 1 2 1 1 2 1 1 2 1 1 2 1 1 2 1 1 2 1 1 2 1 1 2 1 1 1 1 1 1 1 2 1 1 2 1 1 2 1 1 2 1 1 2 1 1 2 1 1 2 1 1 2 1 1 2 1 1 2 1 1 2 1 1 2 1 1 0 2 1  ; 
  1 1 1 1 1 1 1 0 0 0 0 0 0 0 0 0 0 0 0 0 0 0 0 0 0 0 0 0 0 0 0 0 0 0 0 0 0 0 0 0 0 0 0 0 0 0 0 0 0 0 0 0 0 0 0 0 0 0 0 0 0 0 0 0 0 0 0 0 0 0 0 0 0 0 0 0 0 0 0 0 0 0 0 0 0 0 0 0 0 0 0 0 0 0 1 1  ; 
  1 1 1 1 1 1 1 0 1 1 1 1 1 1 1 1 1 0 1 0 1 1 2 1 1 2 1 1 2 1 1 2 1 1 2 1 1 2 1 1 2 1 1 2 1 1 2 1 1 2 1 1 0 1 0 1 1 2 1 1 2 1 1 2 1 1 2 1 1 2 1 1 2 1 1 2 1 1 2 1 1 2 1 1 2 1 1 2 1 1 2 1 1 0 2 1  ; 
  1 1 1 1 1 1 1 0 0 0 0 0 0 0 0 0 0 0 1 0 2 1 1 1 1 1 1 1 1 1 1 1 1 1 1 1 1 1 1 1 1 1 1 1 1 1 1 1 1 1 1 2 0 1 0 2 1 1 1 1 1 1 1 1 1 1 1 1 1 1 1 1 1 1 1 1 1 1 1 1 1 1 1 1 1 1 1 1 1 1 1 1 2 0 1 1  ; 
  1 1 1 1 1 1 1 1 1 2 1 2 1 2 1 1 1 0 1 0 1 1 1 1 1 1 1 1 1 1 1 1 1 1 1 1 1 1 1 1 1 1 1 1 1 1 1 1 1 1 1 1 0 1 0 1 1 1 1 1 1 1 1 1 1 1 1 1 1 1 1 1 1 1 1 1 1 1 1 1 1 1 1 1 1 1 1 1 1 1 1 1 1 0 2 1  ; 
  1 1 1 1 1 1 1 1 1 1 1 1 1 1 1 1 1 0 1 0 1 1 2 1 1 2 1 1 2 1 1 2 1 1 2 1 1 2 1 1 2 1 1 2 1 1 2 1 1 2 1 1 0 1 0 1 1 2 1 1 2 1 1 2 1 1 2 1 1 2 1 1 2 1 1 2 1 1 2 1 1 2 1 1 2 1 1 2 1 1 2 1 1 0 1 1  ; 
  1 1 1 1 1 1 1 1 1 1 1 1 1 1 1 1 1 0 0 0 0 0 0 0 0 0 0 0 0 0 0 0 0 0 0 0 0 0 0 0 0 0 0 0 0 0 0 0 0 0 0 0 0 0 0 0 0 0 0 0 0 0 0 0 0 0 0 0 0 0 0 0 0 0 0 0 0 0 0 0 0 0 0 0 0 0 0 0 0 0 0 0 0 0 2 1  ; 
  1 1 1 1 1 1 1 1 1 1 1 1 1 1 1 1 1 0 1 0 1 1 2 1 1 2 1 1 2 1 1 2 1 1 2 1 1 2 1 1 2 1 1 2 1 1 2 1 1 2 1 1 0 1 0 1 1 2 1 1 2 1 1 2 1 1 2 1 1 2 1 1 2 1 1 2 1 1 2 1 1 2 1 1 2 1 1 2 1 1 2 1 1 0 1 1  ; 
  1 1 1 1 1 1 1 1 1 1 1 1 1 1 1 1 1 0 1 0 2 1 1 1 1 1 1 1 1 1 1 1 1 1 1 1 1 1 1 1 1 1 1 1 1 1 1 1 1 1 1 2 0 1 0 2 1 1 1 1 1 1 1 1 1 1 1 1 1 1 1 1 1 1 1 1 1 1 1 1 1 1 1 1 1 1 1 1 1 1 1 1 2 0 2 1  ; 
  1 1 1 1 1 1 1 1 1 1 1 1 1 1 1 1 1 0 1 0 1 1 1 1 1 1 1 1 1 1 1 1 1 1 1 1 1 1 1 1 1 1 1 1 1 1 1 1 1 1 1 1 0 1 0 1 1 1 1 1 1 1 1 1 1 1 1 1 1 1 1 1 1 1 1 1 1 1 1 1 1 1 1 1 1 1 1 1 1 1 1 1 1 0 1 1  ; 
  1 1 1 1 1 1 1 1 1 1 1 1 1 1 1 1 1 0 1 0 1 1 2 1 1 2 1 1 2 1 1 2 1 1 2 1 1 2 1 1 2 1 1 2 1 1 2 1 1 2 1 1 0 1 0 1 1 2 1 1 2 1 1 2 1 1 2 1 1 2 1 1 2 1 1 2 1 1 2 1 1 2 1 1 2 1 1 2 1 1 2 1 1 0 2 1  ; 
  1 1 1 1 1 1 1 1 1 1 1 1 1 1 1 1 1 0 0 0 0 0 0 0 0 0 0 0 0 0 0 0 0 0 0 0 0 0 0 0 0 0 0 0 0 0 0 0 0 0 0 0 0 0 0 0 0 0 0 0 0 0 0 0 0 0 0 0 0 0 0 0 0 0 0 0 0 0 0 0 0 0 0 0 0 0 0 0 0 0 0 0 0 0 1 1  ; 
  1 1 1 1 1 1 1 1 1 1 1 1 1 1 1 1 1 0 1 0 1 1 2 1 1 2 1 1 2 1 1 2 1 1 2 1 1 2 1 1 2 1 1 2 1 1 2 1 1 2 1 1 0 1 0 1 1 2 1 1 2 1 1 2 1 1 2 1 1 2 1 1 2 1 1 2 1 1 2 1 1 2 1 1 2 1 1 2 1 1 2 1 1 0 2 1  ; 
  1 1 1 1 1 1 1 1 1 1 1 1 1 1 1 1 1 0 1 0 2 1 1 1 1 1 1 1 1 1 1 1 1 1 1 1 1 1 1 1 1 1 1 1 1 1 1 1 1 1 1 2 0 1 0 2 1 1 1 1 1 1 1 1 1 1 1 1 1 1 1 1 1 1 1 1 1 1 1 1 1 1 1 1 1 1 1 1 1 1 1 1 2 0 1 1  ; 
  1 1 1 1 1 1 1 1 1 1 1 1 1 1 1 1 1 0 1 0 1 1 1 1 1 1 1 1 1 1 1 1 1 1 1 1 1 1 1 1 1 1 1 1 1 1 1 1 1 1 1 1 0 1 0 1 1 1 1 1 1 1 1 1 1 1 1 1 1 1 1 1 1 1 1 1 1 1 1 1 1 1 1 1 1 1 1 1 1 1 1 1 1 0 2 1  ; 
  1 1 1 1 1 1 1 1 1 1 1 1 1 1 1 1 1 0 1 0 1 1 2 1 1 2 1 1 2 1 1 2 1 1 2 1 1 2 1 1 2 1 1 2 1 1 2 1 1 2 1 1 0 1 0 1 1 2 1 1 2 1 1 2 1 1 2 1 1 2 1 1 2 1 1 2 1 1 2 1 1 2 1 1 2 1 1 2 1 1 2 1 1 0 1 1  ; 
  1 1 1 1 1 1 1 1 1 1 1 1 1 1 1 1 1 0 0 0 0 0 0 0 0 0 0 0 0 0 0 0 0 0 0 0 0 0 0 0 0 0 0 0 0 0 0 0 0 0 0 0 0 0 0 0 0 0 0 0 0 0 0 0 0 0 0 0 0 0 0 0 0 0 0 0 0 0 0 0 0 0 0 0 0 0 0 0 0 0 0 0 0 0 2 1  ; 
  1 1 1 1 1 1 1 1 1 1 1 1 1 1 1 1 1 0 1 0 1 1 2 1 1 2 1 1 2 1 1 2 1 1 2 1 1 2 1 1 2 1 1 2 1 1 2 1 1 2 1 1 0 1 0 1 1 2 1 1 2 1 1 2 1 1 2 1 1 2 1 1 2 1 1 2 1 1 2 1 1 2 1 1 2 1 1 2 1 1 2 1 1 0 1 1  ; 
  1 1 1 1 1 1 1 1 1 1 1 1 1 1 1 1 1 0 1 0 2 1 1 1 1 1 1 1 1 1 1 1 1 1 1 1 1 1 1 1 1 1 1 1 1 1 1 1 1 1 1 2 0 1 0 2 1 1 1 1 1 1 1 1 1 1 1 1 1 1 1 1 1 1 1 1 1 1 1 1 1 1 1 1 1 1 1 1 1 1 1 1 2 0 2 1  ; 
  1 1 1 1 1 1 1 1 1 1 1 1 1 1 1 1 1 0 1 0 1 1 1 1 1 1 1 1 1 1 1 1 1 1 1 1 1 1 1 1 1 1 1 1 1 1 1 1 1 1 1 1 0 1 0 1 1 1 1 1 1 1 1 1 1 1 1 1 1 1 1 1 1 1 1 1 1 1 1 1 1 1 1 1 1 1 1 1 1 1 1 1 1 0 1 1  ; 
  1 1 1 1 1 1 1 1 1 1 1 1 1 1 1 1 1 0 1 0 1 1 2 1 1 2 1 1 2 1 1 2 1 1 2 1 1 2 1 1 2 1 1 2 1 1 2 1 1 2 1 1 0 1 0 1 1 2 1 1 2 1 1 2 1 1 2 1 1 2 1 1 2 1 1 2 1 1 2 1 1 2 1 1 2 1 1 2 1 1 2 1 1 0 2 1  ; 
  1 1 1 1 1 1 1 1 1 1 1 1 1 1 1 1 1 0 0 0 0 0 0 0 0 0 0 0 0 0 0 0 0 0 0 0 0 0 0 0 0 0 0 0 0 0 0 0 0 0 0 0 0 0 0 0 0 0 0 0 0 0 0 0 0 0 0 0 0 0 0 0 0 0 0 0 0 0 0 0 0 0 0 0 0 0 0 0 0 0 0 0 0 0 1 1  ; 
  1 1 1 1 1 1 1 1 1 1 1 1 1 1 1 1 1 0 1 0 1 1 2 1 1 2 1 1 2 1 1 2 1 1 2 1 1 2 1 1 2 1 1 2 1 1 2 1 1 2 1 1 0 1 0 1 1 2 1 1 2 1 1 2 1 1 2 1 1 2 1 1 2 1 1 2 1 1 2 1 1 2 1 1 2 1 1 2 1 1 2 1 1 0 2 1  ; 
  1 1 1 1 1 1 1 1 1 1 1 1 1 1 1 1 1 0 1 0 2 1 1 1 1 1 1 1 1 1 1 1 1 1 1 1 1 1 1 1 1 1 1 1 1 1 1 1 1 1 1 2 0 1 0 2 1 1 1 1 1 1 1 1 1 1 1 1 1 1 1 1 1 1 1 1 1 1 1 1 1 1 1 1 1 1 1 1 1 1 1 1 2 0 1 1  ; 
  1 1 1 1 1 1 1 1 1 1 1 1 1 1 1 1 1 0 1 0 1 1 1 1 1 1 1 1 1 1 1 1 1 1 1 1 1 1 1 1 1 1 1 1 1 1 1 1 1 1 1 1 0 1 0 1 1 1 1 1 1 1 1 1 1 1 1 1 1 1 1 1 1 1 1 1 1 1 1 1 1 1 1 1 1 1 1 1 1 1 1 1 1 0 2 1  ; 
  1 1 1 1 1 1 1 1 1 1 1 1 1 1 1 1 1 0 1 0 1 1 2 1 1 2 1 1 2 1 1 2 1 1 2 1 1 2 1 1 2 1 1 2 1 1 2 1 1 2 1 1 0 1 0 1 1 2 1 1 2 1 1 2 1 1 2 1 1 2 1 1 2 1 1 2 1 1 2 1 1 2 1 1 2 1 1 2 1 1 2 1 1 0 1 1  ; 
  1 1 1 1 1 1 1 1 1 1 1 1 1 1 1 1 1 0 0 0 0 0 0 0 0 0 0 0 0 0 0 0 0 0 0 0 0 0 0 0 0 0 0 0 0 0 0 0 0 0 0 0 0 0 0 0 0 0 0 0 0 0 0 0 0 0 0 0 0 0 0 0 0 0 0 0 0 0 0 0 0 0 0 0 0 0 0 0 0 0 0 0 0 0 2 1  ; 
  1 1 1 1 1 1 1 1 1 1 1 1 1 1 1 1 1 0 1 0 1 1 2 1 1 2 1 1 2 1 1 2 1 1 2 1 1 2 1 1 2 1 1 2 1 1 2 1 1 2 1 1 0 1 0 1 1 2 1 1 2 1 1 2 1 1 2 1 1 2 1 1 2 1 1 2 1 1 2 1 1 2 1 1 2 1 1 2 1 1 2 1 1 0 1 1  ; 
  1 1 1 1 1 1 1 1 1 1 1 1 1 1 1 1 1 0 1 0 2 1 1 1 1 1 1 1 1 1 1 1 1 1 1 1 1 1 1 1 1 1 1 1 1 1 1 1 1 1 1 2 0 1 0 2 1 1 1 1 1 1 1 1 1 1 1 1 1 1 1 1 1 1 1 1 1 1 1 1 1 1 1 1 1 1 1 1 1 1 1 1 2 0 2 1  ; 
  1 1 1 1 1 1 1 1 1 1 1 1 1 1 1 1 1 0 1 0 1 1 1 1 1 1 1 1 1 1 1 1 1 1 1 1 1 1 1 1 1 1 1 1 1 1 1 1 1 1 1 1 0 1 0 1 1 1 1 1 1 1 1 1 1 1 1 1 1 1 1 1 1 1 1 1 1 1 1 1 1 1 1 1 1 1 1 1 1 1 1 1 1 0 1 1  ; 
  1 1 1 1 1 1 1 1 1 1 1 1 1 1 1 1 1 0 1 0 1 1 2 1 1 2 1 1 2 1 1 2 1 1 2 1 1 2 1 1 2 1 1 2 1 1 2 1 1 2 1 1 0 1 0 1 1 2 1 1 2 1 1 2 1 1 2 1 1 2 1 1 2 1 1 2 1 1 2 1 1 2 1 1 2 1 1 2 1 1 2 1 1 0 2 1  ; 
  1 1 1 1 1 1 1 1 1 1 1 1 1 1 1 1 1 0 0 0 0 0 0 0 0 0 0 0 0 0 0 0 0 0 0 0 0 0 0 0 0 0 0 0 0 0 0 0 0 0 0 0 0 0 0 0 0 0 0 0 0 0 0 0 0 0 0 0 0 0 0 0 0 0 0 0 0 0 0 0 0 0 0 0 0 0 0 0 0 0 0 0 0 0 1 1  ; 
  1 1 1 1 1 1 1 1 1 1 1 1 1 1 1 1 1 0 1 0 1 1 2 1 1 2 1 1 2 1 1 2 1 1 2 1 1 2 1 1 2 1 1 2 1 1 2 1 1 2 1 1 0 1 0 1 1 2 1 1 2 1 1 2 1 1 2 1 1 2 1 1 2 1 1 2 1 1 2 1 1 2 1 1 2 1 1 2 1 1 2 1 1 0 2 1  ; 
  1 1 6 1 6 1 6 1 6 1 6 1 6 1 1 1 1 0 1 0 2 1 1 1 1 1 1 1 1 1 1 1 1 1 1 1 1 1 1 1 1 1 1 1 1 1 1 1 1 1 1 2 0 1 0 2 1 1 1 1 1 1 1 1 1 1 1 1 1 1 1 1 1 1 1 1 1 1 1 1 1 1 1 1 1 1 1 1 1 1 1 1 2 0 1 1  ; 
  1 0 0 0 0 0 0 0 0 0 0 0 0 0 0 0 0 0 1 0 1 1 1 1 1 1 1 1 1 1 1 1 1 1 1 1 1 1 1 1 1 1 1 1 1 1 1 1 1 1 1 1 0 1 0 1 1 1 1 1 1 1 1 1 1 1 1 1 1 1 1 1 1 1 1 1 1 1 1 1 1 1 1 1 1 1 1 1 1 1 1 1 1 0 2 1  ; 
  1 0 1 1 1 1 1 1 1 1 1 1 1 1 1 1 1 0 1 0 1 1 2 1 1 2 1 1 2 1 1 2 1 1 2 1 1 2 1 1 2 1 1 2 1 1 2 1 1 2 1 1 0 1 0 1 1 2 1 1 2 1 1 2 1 1 2 1 1 2 1 1 2 1 1 2 1 1 2 1 1 2 1 1 2 1 1 2 1 1 2 1 1 0 1 1  ; 
  1 0 0 0 0 0 0 0 0 0 0 0 0 0 0 0 0 0 0 0 0 0 0 0 0 0 0 0 0 0 0 0 0 0 0 0 0 0 0 0 0 0 0 0 0 0 0 0 0 0 0 0 0 0 0 0 0 0 0 0 0 0 0 0 0 0 0 0 0 0 0 0 0 0 0 0 0 0 0 0 0 0 0 0 0 0 0 0 0 0 0 0 0 0 2 1  ; 
  1 1 1 1 4 1 4 1 1 1 1 1 1 1 1 1 1 0 1 0 1 1 2 1 1 2 1 1 2 1 1 2 1 1 2 1 1 2 1 1 2 1 1 2 1 1 2 1 1 2 1 1 0 1 0 1 1 2 1 1 2 1 1 2 1 1 2 1 1 2 1 1 2 1 1 2 1 1 2 1 1 2 1 1 2 1 1 2 1 1 2 1 1 0 1 1  ; 
  1 1 1 1 1 1 1 1 1 1 1 1 1 1 1 1 1 0 1 0 2 1 1 1 1 1 1 1 1 1 1 1 1 1 1 1 1 1 1 1 1 1 1 1 1 1 1 1 1 1 1 2 0 1 0 2 1 1 1 1 1 1 1 1 1 1 1 1 1 1 1 1 1 1 1 1 1 1 1 1 1 1 1 1 1 1 1 1 1 1 1 1 2 0 2 1  ; 
  1 1 1 1 1 1 1 1 1 1 1 1 1 1 1 1 1 0 1 0 1 1 1 1 1 1 1 1 1 1 1 1 1 1 1 1 1 1 1 1 1 1 1 1 1 1 1 1 1 1 1 1 0 1 0 1 1 1 1 1 1 1 1 1 1 1 1 1 1 1 1 1 1 1 1 1 1 1 1 1 1 1 1 1 1 1 1 1 1 1 1 1 1 0 1 1  ; 
  1 1 1 1 1 1 1 1 1 1 1 1 1 1 1 1 1 0 1 0 1 1 2 1 1 2 1 1 2 1 1 2 1 1 2 1 1 2 1 1 2 1 1 2 1 1 2 1 1 2 1 1 0 1 0 1 1 2 1 1 2 1 1 2 1 1 2 1 1 2 1 1 2 1 1 2 1 1 2 1 1 2 1 1 2 1 1 2 1 1 2 1 1 0 2 1  ; 
  1 1 1 1 1 1 1 1 1 1 1 1 1 1 1 1 1 0 0 0 0 0 0 0 0 0 0 0 0 0 0 0 0 0 0 0 0 0 0 0 0 0 0 0 0 0 0 0 0 0 0 0 0 0 0 0 0 0 0 0 0 0 0 0 0 0 0 0 0 0 0 0 0 0 0 0 0 0 0 0 0 0 0 0 0 0 0 0 0 0 0 0 0 0 1 1  ; 
  1 1 1 1 1 1 1 1 1 1 1 1 1 1 1 1 1 1 1 1 1 1 2 1 1 2 1 1 2 1 1 2 1 1 2 1 1 2 1 1 2 1 1 2 1 1 2 1 1 2 1 1 1 1 1 1 1 2 1 1 2 1 1 2 1 1 2 1 1 2 1 1 2 1 1 2 1 1 2 1 1 2 1 1 2 1 1 2 1 1 2 1 1 1 1 1  ; 
  1 1 1 1 1 1 1 1 1 1 1 1 1 1 1 1 1 1 1 1 1 1 1 1 1 1 1 1 1 1 1 1 1 1 1 1 1 1 1 1 1 1 1 1 1 1 1 1 1 1 1 1 1 1 1 1 1 1 1 1 1 1 1 1 1 1 1 1 1 1 1 1 1 1 1 1 1 1 1 1 1 1 1 1 1 1 1 1 1 1 1 1 1 1 1 1  ; 
 
